scan ran once 

0
0
0
0
0
0
0
0
0
debounce
scan ran once 

0
0
0
0
0
0
0
0
0
scan ran once 

0
0
0
0
0
0
0
0
0
scan ran once 

0
0
0
0
0
0
0
0
0
debouncescan ran once 

0
0
0
0
0
0
0
0
0

0        0
0        0
0        0
0        0
0        0
0        0
0        0
0        0
0        0
scan ran once 

000000000
0        0
0        0
0        0
0        0
0        0
0        0
0        0
0        0
0        0
scan ran once 

000000000
0        0
0        0
0        0
0        0
0        0
0        0
0        0
0        0
0        0
scan ran once 

000000000
debounce1        0
0        0
0        0
0        0
0        0
0        0
0        0
0        0
0        0
scan ran once 

000000000
1        0
0        0
0        0
0        0
0        0
0        0
0        0
0        0
0        0
scan ran once 

100000000
1        1
0        0
0        0
0        0
0        0
0        0
0        0
0        0
0        0
scan ran once 

100000000
1        1
0        0
0        0
0        0
0        0
0        0
0        0
0        0
0        0
scan ran once 

100000000
1        1
0        0
0        0
0        0
0        0
0        0
0        0
0        0
0        0
scan ran once 

100000000
debounce0        1
0        0
0        0
0        0
0        0
0        0
0        0
0        0
0        0
scan ran once 

100000000
0        1
0        0
0        0
0        0
0        0
0        0
0        0
0        0
0        0
scan ran once 

000000000
0        0
0        0
0        0
0        0
0        0
0        0
0        0
0        0
0        0
scan ran once 

000000000
0        0
0        0
0        0
0        0
0        0
0        0
0        0
0        0
0        0
scan ran once 

000000000
0        0
0        0
0        0
0        0
0        0
0        0
0        0
0        0
0        0
scan ran once 

000000000
debounce1        0
0        0
0        0
0        0
0        0
0        0
0        0
0        0
0        0
scan ran once 

000000000
1        0
0        0
0        0
0        0
0        0
0        0
0        0
0        0
0        0
scan ran once 

100000000
1        1
0        0
0        0
0        0
0        0
0        0
0        0
0        0
0        0
scan ran once 

100000000
debounce0        1
0        0
0        0
0        0
0        0
0        0
0        0
0        0
0        0
scan ran once 

100000000
0        1
0        0
0        0
0        0
0        0
0        0
0        0
0        0
0        0
scan ran once 

000000000
0        0
0        0
0        0
0        0
0        0
0        0
0        0
0        0
0        0
scan ran once 

000000000
0        0
0        0
0        0
0        0
0        0
0        0
0        0
0        0
0        0
scan ran once 

000000000
0        0
0        0
0        0
0        0
0        0
0        00        0
0        0
0        0
0        0
0        0
0        0
0        0
0        0|||   0       0   ||||   0
0        0   ||||   0
scan ran once 

000000000
0        0   ||||   0
0        0   ||||   0
0        0   ||||   0
0        0   ||||   0
0        0   ||||   0
0        0   ||||   0
0        0   ||||   0
0        0   ||||   0
0        0   ||||   0
scan ran once 

000000000
0        0   ||||   0
0        0   ||||   0
0        0   ||||   0
0        0   ||||   0
0        0   ||||   0
0        0   ||||   0
0        0   ||||   0
0        0   ||||   0
0        0   ||||   0
scan ran once 

000000000
0        0   ||||   0
0        0   ||||   0
0        0   ||||   0
0        0   ||||   0
0        0   ||||   0
0        0   ||||   0
0        0   ||||   0
0        0   ||||   0
0        0   ||||   0
scan ran once 

000000000
0        0   ||||   0
0        0   ||||   0
0        0   ||||   0
0        0   ||||   0
0        0   ||||   0
0        0   ||||   0
0        0   ||||   0
0        0   ||||   0
0        0   ||||   0
scan ran once 

000000000
0        0   ||||   0
0        0   ||||   0
0        0   ||||   0
0        0   ||||   0
0        0   ||||   0
0        0   ||||   0
0        0   ||||   0
0        0   ||||   0
0        0   ||||   0
scan ran once 

000000000
0        0   ||||   0
0        0   ||||   0
0        0   ||||   0
0        0   ||||   0
0        0   ||||   0
0        0   ||||   0
0        0   ||||   0
0        0   ||||   0
0        0   ||||   0
scan ran once 

000000000
0        0   ||||   0
0        0   ||||   0
0        0   ||||   0
0        0   ||||   0
0        0   ||||   0
0        0   ||||   0
0        0   ||||   0
0        0   |||| 000000
||   0
0        0   ||||   0
0        0   ||||   0
0        0   ||||   0
0        0   ||||   0
0        0   ||||   0
0        0   ||||   0
scan ran once 

000000000
0        0   ||||   0
0        0   ||||   0
0        0   ||||   0
0        0   ||||   0
0        0   ||||   0
0        0   ||||   0
0        0   ||||   0
0        0   ||||   0
0        0   ||||   0
scan ran once 

000000000
0        0   ||||   0
0        0   ||||   0
0        0   ||||   0
0        0   ||||   0
0        0   ||||   0
0        0   ||||   0
0        0   ||||   0
0        0   ||||   0
0        0   ||||   0
scan ran once 

000000000
0        0   ||||   0
0        0   ||||   0
0        0   ||||   0
0        0   ||||   0
0        0   ||||   0
0        0   ||||   0
0        0   ||||   0
0        0   ||||   0
0        0   ||||   0
scan ran once 
  0
  0        0   ||||   0
  0        0   |||| 0   ||||   0
  0        0   ||||   0
  0        0   ||||   0
  0        0   ||||   0
  0        0   ||||   0
  scan ran once 
  
  000000000
  0        0   ||||   0
  0        0   ||||   0
  0        0   ||||   0
  0        0   ||||   0
  0        0   ||||   0
  0        0   ||||   0
  0        0   ||||   0
  0        0   ||||   0
  0        0   ||||   0
  scan ran once 
  
  000000000
  0        0   ||||   0
  0        0   ||||   0
  0        0   ||||   0
  0        0   ||||   0
  0        0   ||||   0
  0        0   ||||   0
  0        0   ||||   0
  0        0   ||||   0
  0        0   ||||   0
  scan ran once 
  
  000000000
  0        0   ||||   0
  0        0   ||||   0
  0        0   ||||   0
  0        0   ||||   0
  0        0   ||||   0
  0        0   ||||   0
  0        0   ||||   0
  0        0   ||||   0
  0        0   ||||   0
  scan ran once 
  
  000000000
  0         0   ||||   0
  0        0   ||||   0
  scan ran once 
  
  000000000
  0        0   ||||   0
  0        0   ||||   0
  0        0   ||||   0
  0        0   ||||   0
  0        0   ||||   0
  0        0   ||||   0
  0        0   ||||   0
  0        0   ||||   0
  0        0   ||||   0
  scan ran once 
  
  000000000
  0        0   ||||   0
  0        0   ||||   0
  0        0   ||||   0
  0        0   ||||   0
  0        0   ||||   0
  0        0   ||||   0
  0        0   ||||   0
  0        0   ||||   0
  0        0   ||||   0
  scan ran once 
  
  000000000
  0        0   ||||   0
  0        0   ||||   0
  0        0   ||||   0
  0        0   ||||   0
  0        0   ||||   0
  0        0   ||||   0
  0        0   ||||   0
  0        0   ||||   0
  0        0   ||||   0
  scan ran once 
  
  000000000
  0        0   ||||   0
  0        0   ||||   0
  0        0   ||||   0
  0        0   ||||   0
  0        0   ||||   0
  0        0   ||||   0
  0        0   ||||   0
  0        0   ||||   0
  0        0   ||||   0
  scan ran once 
  
  000000000
  0        0   ||||   0
  0        0   ||||   0
  0        0   ||||   0
  0        0   ||||   0
  0        0   ||||   0
  0        0   ||||   0
  0        0   ||||   0
  0        0   ||||   0
  0        0   ||||   0
  scan ran once 
  
  000000000
  0        0   ||||   0
  0        0   ||||   0
  0        0   ||||   0
  0        0   ||||   0
  0        0   ||||   0
  0        0   ||||   0
  0        0   ||||   0
  0        0   ||||   0
  0        0   ||||   0
  scan ran once 
  
  000000000
  debounce 
  
  1        0   ||||   1
  0        0   ||||   0
  0        0   ||||   0
  0        0   ||||   0
  0        0   ||||   0
  0        0   ||||   0
  0        0   ||||   0
  0        0   ||||   0
  0        0   ||||   0
  scan ran once 
  
  100000000
  1        1   ||||   0
  0        0   ||||   0
  0        0   ||||   0
  0        0   ||||   0
  0        0   ||||   0
  0        0   ||||   0
  0        0   ||||   0
  0        0   ||||   0
  0        0   ||||   0
  scan ran once 
  
  100000000
  1        1   ||||   0
  0        0   ||||   0
  0        0   ||||   0
  0        0   ||||   0
  0        0   ||||   0
  0        0   ||||   0
  0        0   ||||   0
  0        0   ||||   0
  0        0   ||||   0
  scan ran once 
  
  100000000
  1        1   ||||   0
  0        0   ||||   0
  0        0   ||||   0
  0        0   ||||   0
  0        0   ||||   0
  0        0   ||||   0
  0        0   ||||   0
  0        0   ||||   0
  0        0   ||||   0
  scan ran once 
  
  100000000
  1        1   ||||   0
  0        0   ||||   0
  0        0   ||||   0
  0        0   ||||   0
  0        0   ||||   0
  0        0   ||||   0
  0        0   ||||   0
  0        0   ||||   0
  0        0   ||||   0
  scan ran once 
  
  100000000
  1        1   ||||   0
  0        0   ||||   0
  0        0   ||||   0
  0        0   ||||   0
  0        0   ||||   0
  0        0   ||||   0
  0        0   ||||   0
  0        0   ||||   0
  0        0   ||||   0
  scan ran once 
  
  100000000
  debounce 
  
  0        1   ||||   1
  0        0   ||||   0
  0        0   ||||   0
  0        0   ||||   0
  0        0   ||||   0
  0        0   ||||   0
  0        0   ||||   0
  0        0   ||||   0
  0        0   ||||   0
  scan ran once 
  
  000000000
  0        0   ||||   0
  0        0   ||||   0
  0        0   ||||   0
  0        0   ||||   0
  0        0   ||||   0
  0        0   ||||   0
  0        0   ||||   0
  0        0   ||||   0
  0        0   ||||   0
  scan ran once 
  
  000000000
  0        0   ||||   0
  0        0   ||||   0
  0        0   ||||   0
  0        0   ||||   0
  0        0   ||||   0
  0        0   ||||   0
  0        0   ||||   0
  0        0   ||||   0
  0        0   ||||   0
  scan ran once 
  
  000000000
  0        0   ||||   0
  0        0   ||||   0
  0        0   ||||   0
  0        0   ||||   0
  0        0   ||||   0
  0        0   ||||   0
000000000
0        0   |||| 
0        0
scan ran once 

000000000

0        0
0        0
scan ran once 

000000000

0        0   ||||   0
0        0   ||||   0
0        0   ||||   0
0        0   ||||   0
0        0   ||||   0
0        0   ||||   0
0        0   ||||   0
0        0   ||||   0
0        0   ||||   0
scan ran once 

000000000
0        0   ||||   0
0        0   ||||   0
0        0   ||||   0
0        0   ||||   0
0        0   ||||   0
0        0   ||||   0
0        0   ||||   0
0        0   ||||   0
0        0   ||||   0
scan ran once 

000000000
0        0   ||||   0
0        0   ||||   0
0        0   ||||   0
0        0   ||||   0
0        0   ||||   0
0        0   ||||   0
0        0   ||||   0
0        0   ||||   0
0        0   ||||   0
scan ran once 

000000000
0        0   ||||   0
0        0   ||||   0
0        0   ||||   0
0        0   ||||   0
0        0   ||||   0
0        0   ||||   0
0        0   ||||   0
0        0   ||||   0
0        0   ||||   0
scan ran once 

000000000
0        0   ||||   0
0        0   ||||   0
0        0   ||||   0
0        0   ||||   0
0        0   ||||   0
0        0   ||||   0
0        0   ||||   0
0        0   ||||   0
0        0   ||||   0
scan ran once 

000000000
0        0   ||||   0
0        0   ||||   0
0        0   ||||   0
0        0   ||||   0
0        0   ||||   0
0        0   ||||   0
0        0   ||||   0
0        0   ||||   0
0        0   ||||   0
scan ran once 

000000000
0        0   ||||   0
0        0   ||||   0
0        0   ||||   0
0        0   ||||   0
0        0   ||||   0
0        0   ||||   0
0        0   ||||   0
0        0   ||||   0
0        0   ||||   0
scan ran once 

000000000
0        0   ||||   0
0        0   ||||   0
0        0   ||||   0
0        0   ||||   0
0        0   ||||   0
0        0   ||||   0
0        0   ||||   0
0        0   ||||   0
0        0   ||||   0
scan ran once 

000000000
0        0   ||||   0
0        0   ||||   0
0        0   ||||   0
0        0   ||||   0
0        0   ||||   0
0        0   ||||   0
0        0   ||||   0
0        0   ||||   0
0        0   ||||   0
scan ran once 

000000000
0        0   ||||   0
0        0   ||||   0
0        0   ||||   0
0        0   ||||   0
0        0   ||||   0
0        0   ||||   0
0        0   ||||   0
0        0   ||||   0
0        0   ||||   0
scan ran once 

000000000
0        0   ||||   0
0        0   ||||   0
0        0   ||||   0
0        0   ||||   0
0        0   ||||   0
0        0   ||||   0
0        0   ||||   0
0        0   ||||   0
0        0   ||||   0
scan ran once 

000000000
0        0   ||||   0
0        0   ||||   0
0        0   ||||   0
0        0   ||||   0
0        0   ||||   0
0        0   ||||   0
0        0   ||||   0
0        0   ||||   0
0        0   ||||   0
scan ran once 

000000000
0        0   ||||   0
0        0   ||||   0
0        0   ||||   0
0        0   ||||   0
0        0   ||||   0
0        0   ||||   0
0        0   ||||   0
0        0   ||||   0
0        0   ||||   0
scan ran once 

000000000
0        0   ||||   0
0        0   ||||   0
0        0   ||||   0
0        0   ||||   0
0        0   ||||   0
0        0   ||||   0
0        0   ||||   0
0        0   ||||   0
0        0   ||||   0
scan ran once 

000000000
0        0   ||||   0
0        0   ||||   0
0        0   ||||   0
0        0   ||||   0
0        0   ||||   0
0        0   ||||   0
0        0   ||||   0
0        0   ||||   0
0        0   ||||   0
scan ran once 

000000000
0        0   ||||   0
0        0   ||||   0
0        0   ||||   0
0        0   ||||   0
0        0   ||||   0
0        0   ||||   0
0        0   ||||   0
0        0   ||||   0
0        0   ||||   0
scan ran once 

000000000
0        0   ||||   0
0        0   ||||   0
0        0   ||||   0
0        0   ||||   0
0        0   ||||   0
0        0   ||||   0
0        0   ||||   0
0        0   ||
